0.15594,61
0.19595,190
0.035245,26
0.0032877,92
0.0015045,225
0.015332,377
0.51181,8
0.52108,7
0.13063,123
0.076358,1638
0.19921,12
0.19954,11
0.029708,307
0.021522,183
0.008436,324
0.06647,17
0.065001,16
0.083349,19
0.27036,18
0.40218,21
0.40582,20
0.16451,23
0.16409,22
0.37516,63
0.67137,2
0.35473,3
0.28411,216
0.054699,64
0.2545,28
0.14374,55
0.02458,111
0.22816,111
0.05462,170
0.71441,2047
0.59142,36
0.63484,35
0.14785,158
0.2389,24
0.17826,331
0.16094,377
0.097081,1762
0.075558,5
0.19852,1731
0.01831,48
0.23556,7
0.21406,106
0.16137,2160
0.052748,864
0.069264,1369
0.2371,7
0.45445,65
0.015328,216
0.10343,68
0.17969,206
0.00021626,30
0.55904,65
0.10464,2157
0.44481,65
0.21805,65
0.013975,61
0.00078776,219
0.02663,219
0.0090216,212
0.1545,28
0.066711,208
0.056148,190
5.2648e-005,191
0.14029,53
0.058111,215
0.34552,69
0.3939,203
0.045642,204
0.10422,203
0.055378,575
0.019214,90
0.090355,92
0.036111,762
0.021829,762
0.027024,80
0.027678,79
0.027059,221
0.066833,767
0.044309,224
0.045846,812
0.056201,222
0.072514,84
0.0051638,811
0.0080028,811
0.071438,90
0.058888,89
0.0053338,909
0.032943,226
0.038763,226
0.0075276,228
0.021409,800
0.0082583,4
0.096066,800
0.31069,864
0.028728,903
0.048663,252
0.0064854,110
0.044713,126
0.036946,125
0.071335,106
0.60419,106
0.13204,104
0.02387,1479
0.007444,127
0.0076586,253
0.028487,101
0.27218,129
0.049107,131
0.064676,134
0.35749,122
0.080708,241
0.072018,264
0.50308,115
0.12068,137
0.028533,240
0.30957,106
0.053823,106
0.04507,114
0.16191,258
0.20097,263
0.0012389,103
0.043029,102
0.037439,108
0.097611,132
0.13923,133
0.12199,133
0.026573,134
0.065521,128
0.078755,130
0.012512,131
0.060428,245
0.03617,137
0.0065992,262
0.16251,7
0.074588,9
0.0097689,1306
0.10346,269
0.025498,9
0.30865,1915
0.30659,1915
0.12698,146
0.12631,145
0.039685,288
0.33736,1731
0.097629,153
0.14949,159
0.12151,294
0.18903,155
0.036476,280
0.052292,1573
0.050319,171
0.36185,1700
0.089418,283
0.23616,1639
0.061528,294
0.28948,161
0.3887,160
0.1194,163
0.13591,162
0.077504,1775
0.08454,1794
0.067515,167
0.0043926,168
0.0096996,167
0.014335,1836
0.020787,315
0.02706,316
0.088766,1915
0.011538,281
0.05334,1725
8.1279e-005,10
0.51893,323
0.2414,330
0.068696,323
0.15562,1992
0.054064,318
0.1413,2044
0.11482,2044
0.030809,2067
0.10283,2178
0.1807,2153
0.006513,329
0.16991,2061
0.17418,189
0.17271,188
0.19597,589
0.00034068,590
0.33774,193
0.47862,192
0.080414,2157
0.014884,664
0.18425,518
0.2733,519
0.24606,437
0.38158,463
0.37138,417
0.40193,202
0.39925,201
0.48513,443
0.062104,671
0.027287,402
0.19558,661
0.15334,549
0.2575,532
0.059773,615
0.031796,599
0.26412,513
0.15404,514
0.1155,556
0.0072494,578
0.13171,625
0.12941,404
0.286,575
0.16766,592
0.52419,423
0.057162,518
0.078082,698
0.042653,377
0.15864,812
0.051716,761
0.026854,366
0.18801,909
0.091948,864
0.027765,721
0.11118,767
0.14216,903
0.04472,377
0.25388,233
0.25523,232
0.19959,235
0.201,234
0.041646,800
0.040064,800
0.090125,811
0.23337,767
0.16458,119
0.13799,961
0.028044,1114
0.50456,1390
0.021486,1350
0.21772,1390
0.21668,245
0.10312,1509
0.041053,1177
0.022202,1329
0.029001,249
0.071646,984
0.045226,1348
0.15863,1482
0.1316,1497
0.018675,1094
0.061532,1083
0.14345,1178
0.32845,1179
0.036226,1213
0.10763,251
0.054784,1251
0.11197,1408
0.37871,1144
0.15337,1097
0.2174,1158
0.20018,1509
0.10509,1324
0.065552,1404
0.21683,377
0.33331,1244
0.24288,1306
0.12943,1450
0.20477,274
0.39215,1514
0.13618,240
0.19914,1058
0.015058,1756
0.14043,1836
0.10262,1834
0.10912,1866
0.30972,1915
0.19706,1878
0.20904,1646
0.091875,1789
0.20755,1785
0.22161,1785
0.021015,1598
0.076655,1630
0.047454,1756
0.10307,2047
0.27469,292
0.11103,291
0.043903,1793
0.08972,1659
0.19829,1924
0.18718,1924
0.0061651,298
0.0096475,297
0.11402,1787
0.11883,1790
0.28524,1725
0.23204,1630
0.2352,1598
0.2266,355
0.033674,1687
0.020354,1687
0.112,1704
0.043993,1680
0.055719,1704
0.20564,1881
0.096283,1893
0.1696,1700
0.15627,1823
0.18178,1836
0.098654,1631
0.17557,1881
0.11994,1880
0.18913,1977
0.16396,1954
0.20495,2102
0.2193,2120
0.42375,2089
0.1697,322
0.39647,325
0.39313,324
0.22785,324
0.50776,328
0.50692,327
0.018227,2153
0.49199,331
0.49232,330
0.097788,2067
0.13867,2045
0.14146,2045
0.19867,336
0.19477,335
0.079857,338
0.079474,337
0.32735,340
0.32403,339
0.038865,630
0.008535,1740
0.050681,1749
0.030242,564
0.0084715,1358
0.20764,575
0.086008,942
0.11884,906
0.042968,699
0.03864,374
0.0037352,938
0.15038,1491
0.025641,377
0.0046275,876
0.21202,1994
0.15222,304
0.23065,1959
0.99338,2047
0.17227,1761
0.14897,1979
0.059882,949
0.24817,506
0.017756,1358
0.025278,1051
0.034377,699
0.24811,476
0.030702,952
0.0097229,890
0.033022,732
0.1247,732
0.063312,2157
0.032679,2160
0.005387,913
0.0078704,350
0.0096989,376
0.0039671,1282
0.35526,1488
0.0024209,729
0.094357,2143
0.01011,372
0.016255,732
0.01716,573
0.056637,377
0.022861,483
0.037869,459
0.018564,366
0.036196,389
0.031638,558
0.34282,387
0.025199,491
0.042841,618
0.0081448,484
0.01972,558
0.073032,659
0.024523,483
0.056676,397
0.0033745,396
0.089732,382
0.0014509,1749
0.0039355,663
0.26701,661
0.046965,661
0.095005,661
0.0081706,497
0.028219,599
0.0045435,616
0.0063164,615
0.0085534,404
0.0081526,608
0.017333,491
0.015326,467
0.031785,514
0.018205,513
0.049837,471
0.038259,471
0.057742,417
0.066471,416
0.021396,430
0.0092612,418
0.0015593,422
0.039375,422
0.06604,421
0.080637,677
0.061508,454
0.077464,448
0.0027428,450
0.015685,468
0.0021006,514
0.032976,465
0.083447,418
0.00718,463
0.0014166,460
0.0060706,418
0.32148,387
0.019602,469
0.047723,469
0.033825,438
0.0053172,437
0.014813,437
0.0092785,460
0.001501,468
0.0035871,468
0.037837,471
0.076263,456
0.10587,444
0.0025358,444
0.009081,471
0.0085931,425
0.0077617,444
0.027479,426
0.0068274,460
0.016318,453
0.04244,450
0.0057491,424
0.033413,424
0.055292,444
0.0025413,471
0.0066366,471
0.01868,385
0.042466,462
0.00094101,460
0.0051231,460
0.02923,431
0.00081217,469
0.047315,429
0.0078693,469
0.061833,411
0.009531,441
0.018263,435
0.01013,469
0.055719,457
0.0013626,732
0.0097747,503
0.17919,366
0.047946,477
0.045495,366
0.081963,475
0.01195,479
0.0039232,478
0.0047094,483
0.0074624,483
0.030737,506
0.0080898,384
0.059333,392
0.00036714,504
0.0074915,509
0.026032,509
0.0046693,509
0.052596,491
0.011187,491
0.0059511,489
0.0017587,493
0.015336,492
0.0080522,509
0.062175,477
0.016319,478
0.038166,404
0.0046286,483
0.0044408,483
0.015464,469
0.0049047,491
0.0044744,503
0.0059993,473
0.0025365,485
0.0055475,467
0.03145,482
0.0090446,459
0.027767,509
0.035445,488
0.0087992,477
0.028432,467
0.0049952,478
0.011326,413
0.039943,428
0.0029849,547
0.013753,546
0.0046288,549
0.075073,555
0.0071264,554
0.028923,544
0.0018712,1750
0.016066,1749
0.013474,1749
0.0061643,529
0.0011906,529
0.004376,529
0.014859,529
0.0080366,532
0.0055559,525
0.0040699,529
0.0099237,532
0.016559,531
0.007466,1749
0.040342,535
0.039181,534
0.02967,1750
0.0065695,532
0.00019455,532
0.0095943,1749
0.0032243,529
0.0015943,549
0.011441,543
0.028352,542
0.010498,546
0.020333,544
0.010392,544
0.038045,548
0.039361,547
0.029512,517
0.017126,551
0.025868,550
0.0002788,550
0.025254,1749
0.002024,519
0.016289,518
0.18966,570
0.010378,578
0.015035,388
0.0043204,558
0.0012059,558
0.01847,396
0.052599,589
0.0078433,571
0.0046456,344
0.0052725,344
0.010903,568
0.033118,568
0.01225,569
0.030866,568
0.20243,556
0.002767,563
0.025161,615
0.12402,382
0.051264,952
0.017312,346
0.13035,577
0.057012,587
0.059458,581
0.004813,913
0.01759,913
0.065832,578
0.035395,382
0.033531,382
0.0032671,558
0.0088361,586
0.17664,585
0.026437,577
0.022868,589
0.15694,190
0.012849,191
0.015648,589
0.064156,1358
0.0091076,563
0.02671,913
0.020421,558
0.0080337,913
0.034137,563
0.021027,563
0.010643,610
0.026122,615
0.0032266,615
0.01574,615
0.015473,342
0.044788,341
0.044921,341
0.068761,372
0.015552,606
0.004305,409
0.058929,626
0.024099,599
0.041289,599
0.0082327,615
0.020737,380
0.0038917,627
0.0071592,572
0.00090132,406
0.0028001,627
0.1236,391
0.069271,606
0.0068139,615
0.004332,626
0.001843,626
0.0042359,342
0.0034544,627
0.0064661,616
0.084321,609
0.015496,614
0.017219,380
0.0016559,616
0.015912,341
0.00063727,608
0.07688,606
0.0040276,627
0.0098357,673
0.04402,637
0.0029703,394
0.010936,669
0.022616,639
0.020945,638
0.0080662,664
0.0051928,651
0.085425,661
0.01415,674
0.045911,648
0.0088254,648
0.024971,648
0.00093378,638
0.022681,644
0.023174,664
0.011632,672
0.01047,641
0.060284,671
0.00064221,648
0.070828,2157
0.055374,2143
0.03649,648
0.034411,664
0.083089,664
0.014,394
0.049679,648
0.03065,642
0.093552,2143
0.0086057,400
0.026518,649
0.034464,2157
0.05789,664
0.0011882,648
0.013929,637
0.00071283,637
0.0026217,637
0.062474,652
0.15925,650
0.094166,676
0.010789,643
0.011361,638
0.004691,673
0.00018372,423
0.035831,696
0.3876,800
0.076869,714
0.049513,866
0.093217,802
0.036269,803
0.11675,805
0.043006,937
0.024374,867
0.091301,719
0.083747,689
0.088509,688
0.040121,780
0.012597,772
0.076187,694
0.066225,775
0.087038,692
0.06619,770
0.002937,755
0.00045576,699
0.15393,713
0.010968,697
0.025374,702
0.037959,702
0.097322,701
0.055243,752
0.025832,708
0.014203,704
0.0054877,704
0.017281,704
0.049018,704
0.036657,710
0.028271,709
0.02237,698
0.0020496,698
0.0051066,698
0.098143,698
0.017296,716
0.0018021,715
0.11669,718
0.028186,717
0.0048714,687
0.11017,721
0.027429,720
0.00061748,723
0.015146,722
0.54339,743
0.10699,728
0.0043012,747
0.008369,728
0.041159,744
0.029303,378
0.024688,729
0.01179,729
0.033931,369
0.010869,732
0.15038,748
0.014299,746
0.29616,721
0.12492,721
0.11933,721
0.17778,723
0.91157,743
0.22658,750
0.064074,741
0.95758,740
0.12714,728
0.037393,754
0.017744,735
0.0019107,726
0.11542,734
0.082858,750
0.16019,749
0.0031411,748
0.10247,703
0.0026921,745
0.0066534,745
0.004507,696
0.0055156,723
0.015078,759
0.03621,780
0.012266,757
0.009587,761
0.10076,760
0.027973,763
0.049764,762
0.019274,765
0.0051219,766
0.0039583,765
0.0095296,765
0.069597,795
0.028343,768
0.015002,804
0.12973,780
0.012574,691
0.049451,780
0.028901,775
0.023511,774
0.029658,779
0.043923,776
0.011046,776
0.014195,776
0.1168,758
0.3236,780
0.0089724,796
0.02983,796
0.027643,775
0.028247,789
0.00082747,785
0.0023979,785
0.0035906,785
0.019289,785
0.15248,793
0.030175,793
0.010187,793
0.053001,792
0.055876,768
0.012712,768
0.047095,780
0.074116,856
0.63296,800
0.029258,800
0.088358,875
0.069338,800
0.0055518,682
0.049704,683
0.2623,850
0.031029,806
0.12791,805
0.14387,800
0.026541,813
0.001873,811
0.026587,811
0.016248,847
0.01122,854
0.029254,808
0.0092317,815
0.11244,814
0.88154,804
0.0060927,815
0.020081,858
0.056525,858
0.025937,858
0.40881,841
0.01445,824
0.0028183,824
0.0082797,823
0.0064508,854
0.16288,827
0.13185,859
0.13013,829
0.0091556,828
0.12058,353
0.019256,353
0.17429,864
0.14372,832
0.014048,860
0.0057861,864
0.0034089,842
0.0059006,839
0.0065361,839
0.0082531,838
0.019266,804
0.015035,821
0.0038662,844
0.0045008,842
0.0016392,842
0.12056,858
0.04845,770
0.035286,811
0.041384,804
0.018965,804
0.024191,804
0.0018532,692
0.0037914,808
0.16222,797
0.027507,825
0.14707,854
0.0096544,797
0.27016,841
0.217,820
0.026412,827
0.014559,863
0.0027668,811
0.0079928,692
0.00026709,860
0.0034899,869
0.0021205,864
0.055816,804
0.05602,871
0.011662,815
0.014901,864
0.015389,383
0.038561,867
0.0065342,864
0.0047877,842
0.2886,800
0.0028572,800
0.0026226,354
0.015016,929
0.005631,879
0.00084167,878
0.032999,878
0.045111,878
0.043229,878
0.11507,931
0.00016912,886
0.0023404,884
0.050518,884
0.061895,884
0.0012471,890
0.002137,890
0.01222,888
0.016151,943
0.14002,896
0.079873,894
0.034101,893
0.00037391,893
0.0074278,943
0.021245,942
0.024211,942
0.0041425,942
0.069137,903
0.010604,903
0.007263,903
0.041582,902
0.00096381,929
0.003643,382
0.17896,348
0.059622,906
0.057256,906
0.0050677,910
0.014019,909
0.00083723,909
0.088984,920
0.0044169,594
0.010037,916
0.0029786,916
0.084453,914
0.020088,951
0.0078588,951
0.00093995,951
0.14502,912
0.00055854,361
0.018207,361
0.01093,361
0.011376,925
0.01953,926
0.0029683,925
0.0011801,925
0.020093,685
0.021947,904
0.0035099,931
0.077758,932
0.010702,931
0.0011193,943
0.003743,943
0.0064382,943
0.078363,685
0.090804,685
0.016296,351
0.020068,938
0.01494,938
0.019612,382
0.0018865,899
0.12216,891
0.012721,943
0.0069309,943
0.065373,951
0.030152,878
0.01426,916
0.048554,361
0.046714,884
0.0082601,917
0.053394,1024
0.05272,383
0.14042,1348
0.0056046,956
0.012629,955
0.015839,958
0.042411,957
0.0098465,1028
0.012382,1359
0.1568,1097
0.0061022,961
0.0028547,1213
0.0091067,1213
0.014378,966
0.035761,965
0.009588,1057
0.0019979,1208
0.0011007,1207
0.0028145,1208
0.015028,972
0.045333,971
0.042653,1203
0.094032,1203
0.0042254,1028
0.047664,1471
0.017167,1451
0.068187,1537
0.024892,1537
0.010038,981
0.0078008,980
0.01022,1327
0.026739,984
0.029864,983
0.0026323,1320
0.012871,1446
0.0021761,1316
0.015828,1422
0.023239,1422
0.0057776,1216
0.0069165,1040
0.019029,1117
0.064004,1079
0.48024,1099
0.4012,1082
0.041082,1102
0.020394,1114
0.015434,1397
0.047503,1113
0.024126,1047
0.004074,1049
0.03722,1050
0.04097,1096
0.010471,1261
0.019507,962
0.073557,1423
0.0017024,1089
0.0010052,1009
0.0013159,1271
0.044465,1088
0.018132,1016
0.03162,1502
0.11009,1496
0.028837,1500
0.016412,1058
0.023872,1011
0.013162,1275
0.071939,1472
0.15042,1439
0.25121,1539
0.0022472,1033
0.015776,1033
0.015356,1033
0.051887,952
0.1412,1048
0.014341,1028
0.075417,1032
0.028937,1026
0.011756,1048
0.015153,1002
0.046317,1056
0.042825,1027
0.11595,1034
0.0024068,1033
0.027689,1061
0.0728,1058
0.0017542,1058
0.00024897,1058
0.0011422,1058
0.0073924,991
0.002847,1042
0.15358,1041
0.03616,1059
0.054989,350
0.0016694,991
0.0048175,350
0.0057152,1049
0.015709,1025
0.015971,1047
0.056579,1002
0.024282,364
0.014857,1043
0.099642,1048
0.0012605,1055
0.092662,1054
0.009298,1031
0.02959,967
0.034402,1036
0.0097849,1043
0.00038074,1043
0.027475,1035
0.0009095,1058
0.062095,1104
0.0251,1104
0.021614,1087
0.030451,1105
0.15716,1083
0.057445,1080
7.8851e-005,1105
0.012055,1074
0.018514,1072
0.08057,1071
0.092465,1072
0.0044752,1070
0.019763,1102
0.013622,1068
0.0016007,1105
0.11911,1094
0.061411,993
0.015823,1068
0.019177,1068
0.0093525,995
0.080162,1067
0.028205,1006
0.018624,1104
0.14831,1087
0.031834,1065
0.052392,1010
0.012882,1107
0.050589,1102
0.042726,1074
0.0033308,1074
0.0059325,1074
0.022313,1078
0.0070227,1010
0.031286,961
0.010667,961
0.16501,1087
0.040359,994
0.0059539,1068
0.011615,1074
0.039485,996
0.0012286,1074
0.040968,1085
0.0061178,1066
0.037341,1105
0.0031059,1089
0.020256,1011
0.011759,1011
0.011035,1117
0.11203,1112
0.00043457,1141
0.086245,999
0.10853,1115
0.045655,1114
0.0018759,1114
0.0052443,992
0.025604,1524
0.018612,1124
0.0060233,1124
0.013397,1154
0.25796,1102
0.026529,1130
0.015551,1119
0.013914,1124
0.065446,1528
0.092863,1562
0.020233,1562
0.32233,1130
0.012691,1131
0.021145,1130
0.060726,1130
0.010354,1511
0.00018978,1510
0.0022757,1155
0.016337,1135
0.069821,1522
0.079929,1182
0.039644,1518
0.085077,1536
0.010388,1112
0.32643,1186
0.018415,1144
0.12832,1143
0.10498,1113
0.010129,1532
0.0078171,1201
0.045959,1548
0.017038,1548
0.010399,1548
0.020494,1549
0.059276,1182
0.0030387,1182
0.041377,1557
0.010866,1135
0.0014654,1135
0.00017023,1135
0.0057357,1543
0.011471,1112
0.0081602,1514
0.21806,1241
0.0088447,1241
0.013864,1241
0.045764,1241
0.0010878,1130
0.00098442,1130
2.0063e-005,1130
0.0015039,1526
0.0089165,1525
0.00076656,1171
0.0017599,1561
0.039548,1173
0.025079,1172
0.047481,1175
0.00032777,1174
0.0018895,1177
0.2211,1178
0.01092,1177
0.083834,1181
0.034308,1179
0.0061343,1179
0.0052945,1153
0.022279,1182
0.14283,1203
0.0020542,1566
0.10496,1142
0.040571,1548
0.0077937,1189
0.018146,1188
0.027082,1188
0.003947,1566
0.017339,1566
0.0019216,1566
0.018516,1229
0.0093071,1196
0.0072613,1195
0.0037284,1057
0.0016789,1057
0.053489,1551
0.0035528,1201
0.0063022,1200
0.0052555,1548
0.24483,1504
0.017521,1203
0.00086456,1206
0.0015058,1205
0.0024296,1208
0.0063477,1207
0.014311,1210
0.084256,1564
0.0018162,1213
0.0008476,1213
0.0049181,964
0.019089,1215
0.020812,1214
0.00073545,990
0.08931,1565
0.029941,1565
0.04626,1221
0.072616,1221
0.013639,1220
0.034042,1214
0.02285,1203
0.012916,1203
0.009772,1226
0.026107,1225
0.017891,1114
0.47899,1130
0.0023618,1230
0.00070809,1229
0.00087701,1229
0.026379,1519
0.003341,1235
0.084621,1235
0.031019,1234
0.0072301,1226
0.012353,1221
0.020869,1221
0.18963,1240
0.084862,1239
0.022514,1164
0.07375,1250
0.078275,1324
0.15151,1332
0.070692,1246
0.0063369,1245
0.032974,1325
0.0002038,1253
0.023974,1251
0.07888,1242
0.025977,1252
0.00043007,1251
0.00050871,1248
0.0010339,1253
0.025896,1265
0.015061,1293
0.0030974,1253
0.0075224,1253
0.045783,1287
0.0078782,1305
0.0086783,1004
0.011181,981
0.0048498,1255
0.0024818,1255
0.0038467,1255
0.0010401,1284
0.0058131,1281
0.018675,1281
0.0093882,1272
0.0047158,1017
0.0060311,1009
0.0030258,1273
0.01644,1272
0.0018323,1017
0.01858,1017
0.052874,1335
0.01366,1330
0.02598,376
0.0098561,1324
0.0063022,1281
0.023658,1280
0.047811,376
0.054664,1335
0.016054,1266
0.0095063,1286
0.03192,1315
0.027844,1318
0.027218,1294
0.020779,1294
0.020338,1291
0.067808,1290
0.0014842,1333
0.0086398,1319
0.0093475,1289
0.042399,1286
0.00013926,1298
0.012138,1298
0.0040673,1297
0.00090063,1329
0.0020536,1329
0.012032,1287
0.011581,1287
0.004339,1294
0.010213,1333
0.028154,1260
0.10105,1307
0.052294,1306
0.00018989,980
0.00094408,981
0.0059148,980
0.0019519,981
0.0069987,376
0.026041,376
0.00072777,1281
0.010328,1286
0.0071666,1559
0.025628,1287
0.0032575,1287
0.01036,1293
0.0032608,1321
0.011346,1320
0.00010447,1004
0.0013261,1286
0.031899,1243
0.015179,1247
0.017291,1266
0.051228,982
0.0021635,1272
0.0034871,1299
0.0035632,1277
0.00060729,376
0.11983,1244
0.018352,1304
0.0055935,1335
8.568e-005,1334
0.091099,1398
0.0058549,1382
0.060565,1382
0.011199,1368
0.023261,1373
0.055545,1365
0.00023714,1364
0.035302,1398
0.015103,998
0.024375,998
0.020161,1382
0.010405,1382
0.020069,954
0.0022524,957
0.019759,1376
0.94869,1390
0.045541,1392
0.041811,1354
0.041522,1353
0.008578,1356
0.04792,1357
0.0019122,1356
0.031808,363
0.00044047,960
0.047365,1047
0.0073611,1360
0.037871,1381
0.10112,1369
0.0038557,1342
0.14278,1341
0.0071318,1381
0.2328,1369
0.014305,1339
0.19798,1367
0.046046,1369
0.023126,1383
0.010704,998
0.040689,1340
0.58608,1390
0.0032754,1389
0.0090459,1350
0.0094498,1350
0.0015291,1368
0.19543,1369
0.000335,998
0.03293,1362
0.020916,1346
0.0086064,1396
0.025996,1388
0.16338,1386
0.2643,1385
0.0031432,1388
0.0054499,1384
0.0029672,1375
0.12815,1391
0.35617,1390
0.7536,1390
0.020292,1361
0.01847,998
7.0746e-006,1114
0.012123,1383
0.043615,998
0.037767,1336
0.016033,1114
0.0084176,998
0.079291,1421
0.001411,1448
0.039208,1448
0.08239,1452
0.094857,1447
0.049967,1411
0.023335,376
0.0013405,1409
0.0017337,1408
0.11848,1456
0.0014234,1419
0.012651,1464
0.023448,1415
0.018639,1454
0.014275,1413
0.066401,1438
0.029931,1438
0.042494,1464
0.0052687,1411
0.0011436,1421
0.026959,1420
0.028946,986
0.0081061,1006
0.0052015,1006
0.0069801,1401
0.033895,1428
0.0044611,1428
0.024643,1426
0.0085778,1428
0.11101,1437
0.026469,1432
0.038123,1431
0.0028547,1089
0.001608,1430
0.038931,1012
0.00094268,1457
0.0058816,1430
0.024896,1417
0.035985,1453
0.0060257,1441
0.0039241,1440
0.0076872,1469
0.0032489,1469
0.01947,1431
0.00078251,1012
0.03043,986
0.017663,1405
0.0061465,1403
0.015346,1408
0.011431,1412
0.0039475,977
0.021491,1404
0.022645,1439
0.02411,1414
0.027549,1464
0.026143,1410
0.0033527,1436
0.00088563,1436
0.0018666,1018
0.0036188,1436
0.084611,1425
0.089139,1430
0.011043,1089
0.015258,1418
0.0011843,1012
0.0074033,938
0.027216,986
0.0081309,1404
0.0015251,1443
0.0098713,1451
0.088895,976
0.013567,1018
0.0026596,1469
0.02002,1422
0.045907,1481
0.044901,1497
0.0058308,1479
0.013146,377
0.017732,1477
0.055434,1479
0.025737,1475
0.014101,1499
0.0078091,1490
0.0010137,986
0.014793,1482
0.029521,1482
0.10599,377
0.27675,377
0.018964,1490
0.013222,1493
0.0072526,352
0.017311,1491
0.018475,1490
0.0023715,1491
0.042317,1491
0.022777,1013
0.050215,1476
0.0097222,377
0.01887,1482
0.081971,1014
0.077646,1479
0.036888,1012
0.074754,1130
0.08842,1203
0.0050121,1548
0.019338,1548
0.0016063,1057
0.0070365,1200
0.020705,1171
0.0018303,1511
0.0036963,1510
0.065372,1112
0.00096513,1514
3.0599e-005,1160
5.8348e-005,1139
0.0017752,1208
0.0034284,1208
0.02673,1139
0.059867,1232
0.024247,1241
0.00074245,1522
0.034194,1521
0.010705,1118
0.0074387,1118
0.016919,1526
0.006484,1525
0.014856,1239
0.052552,1529
0.02671,1528
0.0032966,1213
0.034781,1201
0.11918,1146
0.057051,1203
0.0036113,1130
0.0055498,1566
0.26768,1140
0.023187,979
0.067646,1228
0.19376,1020
0.05686,1241
0.11218,1543
0.0053319,1543
0.0081187,1542
0.0083704,1213
0.014102,1564
0.026397,1564
0.014807,1564
0.023506,1148
0.0081468,1151
0.0092236,1151
0.053781,1199
0.0045716,1124
0.18635,1554
0.18932,1553
0.00017079,1195
0.047952,1112
0.031638,1154
0.015501,1519
0.0028285,1316
0.10472,1117
0.04504,1171
0.032544,1128
0.024473,1079
0.031289,1545
0.0065853,1217
0.00026394,1191
0.0019213,1566
9.2005e-005,1548
0.0023773,1793
0.010964,1768
0.013128,1768
0.017448,1768
0.012167,1574
0.0011484,1573
0.0086031,1792
0.15164,1645
0.012236,1792
0.012674,1792
0.026613,1814
0.013567,1767
0.016871,1775
0.0065001,1746
0.065731,1615
0.027748,1937
0.020149,1939
0.013861,1694
0.018557,1769
0.055527,1764
0.34142,1731
0.12152,1591
0.21393,1590
0.097727,1590
0.027895,1723
0.024307,1907
0.0056978,1596
0.10661,1595
0.0073055,1598
0.083268,1599
0.0078712,1598
0.0074274,1598
0.00045992,1598
0.063498,1630
0.038263,1630
0.022947,1616
0.0065362,1604
0.0016893,1604
0.01789,1604
0.041316,1609
0.031601,1608
0.053108,1583
0.089183,1617
0.0302,1613
0.013942,1612
0.08694,1917
0.12406,1583
0.085201,1624
0.021843,1618
0.072928,1617
0.0012484,1620
0.0041566,1619
0.015101,1628
0.06697,1628
0.026433,1629
0.098492,1616
0.055837,1623
0.012046,1918
0.006291,1918
0.080647,1622
0.02744,1623
0.026744,1603
0.0047678,1632
0.004247,1631
0.00031149,1631
0.019782,1746
0.01305,1764
0.058877,1764
0.10857,1676
0.023917,1769
0.096409,1712
0.043365,1731
0.037785,1691
0.022712,1639
0.019697,1639
0.037319,1576
0.0020425,1576
0.22268,1693
0.12071,1672
0.1253,1649
0.021356,1648
0.0019049,1697
0.10215,1653
0.023768,1704
0.014177,1651
0.046488,1700
0.0027053,1700
0.021735,1687
0.031533,1664
0.0033559,1664
0.023307,1660
0.00442,1659
0.053169,1717
0.036667,1717
0.0043136,1664
0.022503,1657
0.059824,1672
0.064997,1680
0.0015451,1694
0.02068,1700
0.010298,1731
0.0068682,1694
0.039756,1697
0.031331,1665
0.0055408,1688
0.0012473,1688
0.045382,1731
0.027926,1637
0.016584,1691
0.049514,1731
0.002213,1731
0.052946,1666
0.035666,1731
0.0087181,1683
0.044678,1682
0.015793,1694
0.038677,1710
0.0023509,1768
0.026517,1656
0.0079724,1673
0.039102,1590
0.024772,1731
0.024331,1692
0.03055,1691
0.1608,1646
0.0049078,1670
0.009953,1697
0.0060713,1698
0.0020243,1702
0.13635,1696
0.043634,1672
0.040471,1654
0.047309,1731
0.0033282,1697
0.0059035,1697
0.028484,1652
0.00091363,1710
0.00078118,1710
0.024186,1697
0.0039752,1651
0.0068126,1651
0.025552,1706
0.045174,1693
0.010506,1639
0.033033,1672
0.058541,1693
0.053793,1693
0.010332,1697
0.063086,1662
0.0046418,1719
0.083207,1720
0.084622,1719
0.017989,1723
0.010106,1723
0.023885,1593
0.00094608,1723
0.15499,1747
0.050611,1756
0.038062,1756
0.05045,1762
0.021864,1762
0.023379,1747
0.15347,1735
0.070953,304
0.017241,1747
0.023085,1747
0.18464,1731
0.12354,1761
0.0014866,1756
0.0018914,1756
0.0061381,342
0.044641,342
0.006302,342
0.014828,1719
0.010007,342
0.012473,342
0.0049308,1762
0.0090702,1582
0.08407,1734
0.00042947,1747
0.038007,1750
0.070942,1749
0.0028676,1746
0.26388,1756
0.019466,1358
0.038624,1719
0.013286,1719
0.15376,1752
0.017038,1747
0.0089031,1719
0.0067008,1719
0.0036814,1719
0.08144,1765
0.02066,1763
0.060003,1762
0.010463,1588
0.075468,1761
0.01123,1792
0.026172,1931
0.045479,1778
0.038406,1771
3.6156e-005,1767
0.029957,1769
0.015094,1573
0.0013559,1573
0.0015423,1775
0.013088,1774
0.0011982,1573
0.009861,1767
0.032057,1768
0.016719,1780
0.022119,1779
0.0017298,1767
0.020331,1785
0.0016153,1785
0.00093388,1785
0.0041723,1786
0.0054625,1785
0.0033688,1789
0.012383,1789
0.0054736,1788
0.0055933,1791
0.024351,1790
0.02011,1802
0.0018411,1794
0.053138,1793
0.032049,1805
0.032396,1797
0.034189,1796
0.020885,1799
0.006421,1798
0.0084579,1798
0.010245,1798
0.029527,1792
0.23797,1793
0.037645,1814
0.023036,1810
0.0074016,1808
0.0039923,1806
0.023145,1806
0.0015836,1805
0.0014437,1805
0.0031786,1789
0.03377,1797
0.03847,1573
0.021186,1804
0.03806,1814
0.092144,1798
0.00222,1797
0.030584,1846
0.01592,1830
0.0013588,1830
0.053675,1631
0.022013,1844
0.009485,1826
0.011078,1825
0.0067099,1837
0.015621,1823
0.033978,1831
0.10257,1829
0.067819,1828
0.025309,1819
0.050803,1827
0.011333,1836
0.0011881,1834
0.039889,1833
0.012977,1872
0.0059012,1832
0.032483,1825
0.0064061,1840
0.0074181,1872
0.0072587,1838
0.025944,1840
0.019461,1845
0.012668,1845
0.0084795,1846
0.0095983,1842
0.012168,1847
0.0080524,1846
0.013473,1846
0.0054276,1823
0.02235,1823
0.024452,1852
0.018843,1851
0.1085,1861
0.10347,1861
0.053756,1856
0.038913,1855
0.064275,1897
0.0073457,1859
0.0043657,1858
0.022592,1897
0.0069922,1854
0.011827,1852
0.014744,1852
0.045939,1897
0.017422,1897
0.014538,1867
0.0083357,1866
0.01944,1872
0.014476,1866
0.0032443,1866
0.01749,1868
0.0013552,1835
0.0078154,1858
0.014336,1858
0.057993,1878
0.019223,1878
0.022013,1878
0.099885,1877
0.052707,1909
0.01204,1901
0.0056356,1883
0.0066395,1879
0.013532,1881
0.022406,1879
0.058239,1914
0.03648,1899
0.00080935,1886
0.021407,1613
0.11995,1908
0.087385,1915
0.0443,1915
0.11939,1879
0.0041935,1894
0.026127,1893
0.03283,1893
0.049111,1911
0.0034957,1857
0.0010263,1886
0.0023045,1886
0.02893,1827
0.0055911,1880
0.0085987,1880
0.011961,1576
0.0054414,1881
0.030484,1893
0.036206,1893
0.042115,1594
0.088508,1889
0.039722,1879
0.02794,1828
0.0919,1896
0.10951,1878
0.16514,1914
0.07874,1913
0.2459,1890
0.020718,1908
0.078489,1614
0.0079165,1627
0.016901,1584
0.025235,1767
0.023978,1931
0.0023589,1924
0.002057,1924
0.017257,1927
0.0040926,1924
0.0042646,1924
0.023305,1924
0.02339,1931
0.061814,1694
0.0063087,1694
0.11804,1921
0.026475,1694
0.015504,1939
0.0091494,1947
0.012441,1931
0.13485,1931
0.026468,1584
0.012817,1947
0.014166,1940
0.017376,1939
0.015569,1584
0.018655,1775
0.013768,1775
0.03594,1907
0.0064298,1939
0.0076132,1584
0.031372,1938
0.0078855,1974
0.10022,2053
0.00028276,1992
0.0076963,1992
0.0014326,2061
0.01072,2178
0.0054698,2167
0.039554,2163
0.86569,1958
0.030515,2042
0.78032,1956
0.17238,357
0.032196,2012
0.00039473,2138
0.039343,2138
0.016122,2132
0.025815,2138
0.020364,1966
0.011746,1965
0.098914,2183
0.036199,2189
0.014152,1970
0.039451,1989
0.024834,357
0.01179,1999
0.0084999,1984
0.05761,1948
0.00039199,1977
0.091672,1987
0.03369,1980
0.02552,1979
0.0072587,1978
0.014233,1977
0.03123,1984
0.021237,1981
0.0075901,1977
0.0084542,1981
0.0081365,2000
0.011343,2000
0.013683,1988
0.11949,1987
0.082685,1970
0.027074,1974
0.078162,1974
0.31416,2036
0.035304,355
0.26834,355
0.0016469,2000
0.0023133,2000
0.017373,1999
0.0032923,1970
0.010062,1972
0.031203,1985
0.01526,2002
0.044856,1987
0.019401,357
0.035546,2002
0.026521,2002
0.089357,2040
0.023547,2040
0.2469,2037
0.20611,2014
0.35184,2040
0.037461,2013
0.10731,1960
0.0039289,2011
0.14255,2015
0.055299,2014
0.18939,2017
0.079081,2016
0.12229,2045
0.044486,2045
0.022525,2021
0.00044176,2020
0.058152,2034
0.034283,2034
0.012722,2027
0.032721,2008
0.0056531,2008
0.065165,2028
0.043427,2027
0.12876,2040
0.0036767,2039
0.063749,2049
0.017495,2031
0.10273,2016
0.00025054,2022
0.0029014,2034
0.040155,1992
0.057174,2008
0.025526,2013
7.5128e-005,2046
0.053998,2029
0.13411,1761
0.070579,2048
0.067027,2021
0.044406,2045
0.10674,2044
0.018532,2039
0.30974,358
0.13557,2042
0.032156,2031
0.021007,2046
0.0055826,2046
0.10329,2045
0.053423,1949
0.11008,2031
0.063526,2067
0.26727,2067
0.005251,2178
0.084611,2060
0.037568,2060
0.069691,2059
0.031772,2063
0.065149,2061
0.07411,2061
0.012005,2067
0.0022748,2132
0.0020643,1965
0.087392,2064
0.03789,2072
0.027407,2072
0.01177,2072
0.00049334,2072
0.0039943,2068
0.004206,2132
0.0041393,2072
0.0041787,2090
0.053115,2114
0.07439,2089
0.046329,2079
0.027869,2078
0.0036888,2089
0.014793,2078
0.018178,2084
0.0040472,2084
0.018835,2082
0.055156,2125
0.054684,2127
0.0063196,2105
0.16502,2133
0.013127,2102
0.046926,2075
0.16141,2100
0.032892,2093
0.0063377,2092
0.0026031,2095
0.073041,2094
0.0017088,2114
0.0017562,2092
0.018592,2092
0.0041962,2100
0.00049555,2091
0.0047988,2089
0.017188,2089
0.0092682,2104
0.011532,2103
0.0072822,2106
0.0099486,2105
0.012385,2053
0.011201,2053
0.039116,2053
0.022129,2053
0.0088309,2117
0.003267,2120
0.0045088,2104
0.045426,2128
0.0083762,2092
0.004299,2125
0.0040512,2089
0.070668,2122
0.0063217,2117
0.019619,2112
1.2941e-005,2122
0.017471,2121
0.013397,2117
0.0028729,2104
0.0053555,2116
0.00017096,2114
0.010814,2086
0.0101,2114
0.0025214,2092
0.0052915,2104
0.0029019,2104
0.00091528,2065
0.055082,2134
0.063367,2133
0.012252,2133
0.0029886,2133
0.010033,2061
0.013516,2139
0.024343,2138
0.064762,2157
0.030549,2157
0.050385,2157
0.036022,379
0.084328,2158
0.024146,2153
0.044477,2157
0.089464,2183
0.0091019,2157
0.0018097,2157
0.0053078,2157
0.12533,2160
0.015568,2166
0.0087902,2161
0.025887,2153
0.003158,2158
0.019724,2158
0.0041868,2140
0.10181,2144
0.13403,2163
0.057404,372
0.012603,2153
0.010005,2158
0.028156,2193
0.16189,2165
0.1644,2164
0.024319,2144
0.055017,1954
0.01426,2169
0.010413,2168
0.00092623,2168
0.062417,2172
0.0033612,2171
0.030672,2172
0.041581,1965
0.036927,2172
0.012588,2172
0.057081,2168
0.023171,1953
0.026831,2168
7.0378e-005,2192
0.0077822,2192
0.0028644,2192
0.015597,2185
0.050398,2183
0.013729,2183
0.063659,2183
0.00029292,2192
0.001394,2163
0.00011867,2190
0.0093753,2189
0.032312,2189
0.047834,2182
0.012871,2163
0.12072,2196
0.093652,2194
0.34357,2194
0.00045494,65
0.00035329,1
4.807e-005,1
0.00049024,200
0.00050325,202
2.7988e-005,206
0.00057026,65
0.00066066,2
0.0002045,84
0.0003592,92
0.00081098,90
3.016e-005,5
0.00067477,864
0.00027949,767
1.7612e-005,903
0.0011534,377
0.00021552,6
0.00018015,80
3.7193e-005,235
0.0010398,864
0.0013864,115
8.7516e-005,101
0.00027915,114
9.2805e-005,127
0.00029476,125
0.0022468,106
0.00058998,132
0.0015375,106
0.0002207,7
0.00046951,126
0.00021144,135
0.00049899,133
0.00018952,254
0.0008783,256
0.0027536,258
0.0001002,132
0.0009343,133
0.00012485,127
0.00036147,264
0.0010823,131
6.0253e-005,268
0.00026369,269
0.00018852,1244
5.1439e-005,274
0.00036528,9
0.00089981,106
0.00037679,160
8.6636e-005,281
0.0017198,163
0.0031324,21
5.8175e-005,10
0.00027809,295
4.2206e-005,12
0.00080243,16
3.2506e-005,281
0.012295,163
0.00073699,307
0.00017667,311
0.00022991,314
0.00041899,2178
0.00044187,189
9.3252e-005,323
0.00020188,325
0.00043564,328
1.3928e-005,329
7.1467e-005,330
0.00034288,2178
0.00063938,333
0.0010334,336
0.0003823,189
0.00039758,339
0.001397,575
1.2017e-005,589
0.00018501,459
0.0004748,366
0.001507,443
0.0047639,443
0.00066204,942
0.0038172,577
0.00055569,615
0.0021448,422
0.00079436,952
0.0016101,468
0.00013361,509
0.01187,740
0.00062923,845
0.0018225,776
0.0017559,699
0.0030041,728
0.00096169,747
0.0013967,767
0.0026826,900
0.006046,377
0.00089545,951
0.00069793,931
0.0015385,841
0.00075474,1068
0.00012216,1213
0.00081868,1087
0.00098615,1087
0.0020189,1034
0.00046949,1154
0.0012845,1255
0.00055497,1405
0.00014056,1135
0.00095216,1438
3.1207e-005,981
0.00019702,1012
0.00063024,962
0.0023962,1369
0.00035402,1213
0.00053368,1056
3.7773e-006,1012
0.00085311,1404
0.00068325,1266
0.00038993,1381
0.00037117,1479
0.00085865,1104
0.00011268,1105
0.00061353,1006
0.00044636,1151
0.00059002,1146
0.00018864,981
0.00063651,1404
0.00030116,1500
0.00017976,1114
8.3937e-005,1368
0.00023823,998
0.0014948,1112
0.00072355,1011
5.1959e-005,1114
0.001102,1287
7.9918e-005,1004
0.0024739,1241
0.001204,1324
0.0007314,952
0.00016941,1139
0.00049352,1117
0.0013358,1438
0.00084871,1293
0.0002533,1047
0.00091635,1112
0.00015166,1199
0.00028081,1422
0.0011879,1479
0.00070373,1213
0.00036235,1074
0.00038724,1068
0.00033465,1277
5.4219e-005,1229
6.5288e-005,1105
0.0010445,1221
0.00016527,1253
0.00027156,1382
9.4192e-005,998
0.00059733,1117
0.0010202,1341
0.0011152,1294
0.00056811,1464
0.00025494,1350
3.692e-005,1439
0.00058195,1350
0.00064854,1490
0.00026067,1439
0.0026761,1034
0.00014749,1383
0.001341,1287
0.0093674,1390
0.0025083,994
0.00090505,1041
0.00029129,1028
0.00013218,1146
5.6073e-005,1146
0.00041711,1398
0.0018958,1203
0.00073379,1415
0.00086445,1414
0.0050789,1130
3.0067e-005,1089
0.0043627,1130
0.00061101,1124
0.00012838,1017
0.00077096,1027
6.3764e-005,1207
0.00076493,1016
0.00028999,1004
0.00012924,364
2.144e-005,1089
0.0015421,1083
0.00069641,1010
0.00031792,1566
0.00096174,1056
0.00014545,1329
0.0015816,1104
0.00093954,1048
0.0056224,377
0.0014084,1098
0.0012615,1025
0.00014715,1057
0.0011427,1369
0.011533,1203
0.00070607,1044
0.00036214,1201
0.00020475,1448
0.00025591,1358
0.00010211,991
0.00026008,1229
2.1981e-005,1356
0.00030995,980
3.4496e-006,960
7.9725e-006,1469
1.3945e-005,1018
0.00038971,976
0.00209,1102
0.00046776,1293
0.00059095,1154
0.0002365,998
0.00031851,1381
0.00066338,1113
3.7132e-005,986
0.00034789,1364
0.00012691,377
8.6495e-005,1430
0.00031207,353
0.00016267,1028
0.00019895,1333
0.0027729,1203
0.0012283,1408
0.0013466,1112
3.9129e-006,1548
9.9707e-005,1566
0.00054598,1016
0.0016111,1255
0.0034161,1244
0.0001675,1431
0.00057068,1320
0.0010464,1247
0.0019575,1102
0.00038367,1105
0.00036513,1058
0.0013356,1182
0.00093791,1327
0.00031011,1329
0.00063529,1068
0.00017626,1539
0.0003617,1431
0.0010601,1316
7.2839e-005,1018
0.0001219,1058
0.00013231,1511
0.0019586,1369
6.9255e-005,1436
0.00095327,1260
0.0002517,1491
6.5296e-005,1469
0.00033482,986
0.00030512,1514
0.0012228,1482
0.0023788,1548
0.0012551,1112
0.00070446,1117
0.00012655,1049
0.00038548,1012
0.00044146,1316
0.0014499,995
0.0003774,1491
0.0020131,1079
0.00028798,1002
0.0002016,1388
0.0016049,1286
0.0038969,2194
0.0019701,1203
2.2669e-005,1436
0.00047148,1404
0.00032815,1421
0.00084069,1130
0.00087446,1294
0.00019918,1058
0.0023491,1369
0.00080502,1464
0.00095301,1482
0.00044957,1002
0.001742,1097
0.00081346,1058
2.779e-005,938
5.6599e-005,998
0.0016983,1240
0.000727,1490
0.00085467,1226
0.0012115,1562
0.002249,1102
0.0010703,1537
0.0063084,377
0.0012856,1114
6.1067e-005,1057
0.00042614,1490
0.00020267,1430
0.0018766,1102
1.7761e-005,1074
0.0020244,1548
0.0011357,1410
0.00024442,1208
0.002108,1144
0.0008744,1043
0.00042188,1548
0.0008157,1201
0.0041916,1138
0.00011418,1213
0.00038074,1043
0.00036047,1012
0.00052103,1491
0.00024532,1281
0.0001746,1074
0.0005932,1281
7.3418e-005,350
0.0025956,1140
0.0014827,1035
0.00011923,1388
8.3603e-005,1253
0.0017662,1241
1.5313e-005,1428
0.00059836,361
0.0015788,1079
0.00048457,1272
0.00027489,376
0.0015121,1241
4.3755e-005,1009
0.0017646,1094
0.00016745,1047
0.0001862,1074
0.0018604,1286
3.4154e-005,1253
0.00037927,1373
0.00065464,1158
0.0013624,1440
0.00010473,1368
0.0016259,1079
0.00013223,1018
0.00090233,1114
0.00011362,1089
2.9853e-005,1389
0.0002609,1118
0.00072913,1139
0.00047779,1422
0.0003487,980
0.00017222,376
0.0005639,990
0.00032239,1286
0.00048507,1428
0.0028292,1222
0.00011493,1316
0.001467,1482
0.0001802,1383
0.0041481,1482
0.0061044,1186
0.0006564,1565
0.00055306,1201
0.00035839,1496
0.0020714,1226
0.0023692,1072
0.0010661,1068
0.00016166,1195
0.00015457,1411
0.0016017,1369
6.0184e-005,1074
0.00032365,1333
0.00042405,1525
0.00035266,1188
0.00071953,986
0.00047712,1335
0.00031792,1566
0.0014218,1528
0.00014626,1451
0.00032361,376
0.00023112,1440
0.00019438,1479
0.0014537,1242
0.0013074,1048
0.010241,1390
0.00088377,1171
0.00016776,1095
0.00034039,1006
8.388e-005,1124
0.00011283,1451
0.00072391,1341
9.7504e-005,1255
0.0014968,1104
0.00080067,1255
0.00021481,1130
0.00051404,1251
9.4718e-005,1266
8.2369e-005,991
0.00082143,1519
0.0034217,1756
0.00059442,1672
0.0003564,1854
0.0040584,1646
0.0011258,1806
0.0011312,1590
0.00020553,1785
0.00076281,1908
0.00016879,1846
0.0011556,1893
0.00060576,1860
0.0023247,1914
0.0025184,1879
9.1155e-005,1881
0.0028105,1725
0.00021568,1828
0.0029379,1628
0.0022095,1805
0.0024973,1878
0.0001173,1612
3.173e-005,1858
0.00030704,1623
0.00036962,1830
0.0024904,2114
0.001711,2172
9.681e-005,2183
0.0034656,2084
0.0028017,2031
0.0035295,2034
0.0033698,1981
0.0016231,2164
0.0011356,2144
0.0027938,1999
0.00040095,2163
0.0015926,2067
0.0012153,2067
0.00073156,333
0.0014462,2010
0.0056746,2040
5.1018e-005,2094
0.0010229,340
0.0012252,2194
